
5.000000000000000e-01 
3.333333333333333e-01 2.500000000000000e-01 
2.500000000000000e-01 2.000000000000000e-01 1.666666666666667e-01 
2.000000000000000e-01 1.666666666666667e-01 1.428571428571428e-01 1.250000000000000e-01 
1.666666666666667e-01 1.428571428571428e-01 1.250000000000000e-01 1.111111111111111e-01 1.000000000000000e-01 
1.428571428571428e-01 1.250000000000000e-01 1.111111111111111e-01 1.000000000000000e-01 9.090909090909091e-02 8.333333333333333e-02 
1.250000000000000e-01 1.111111111111111e-01 1.000000000000000e-01 9.090909090909091e-02 8.333333333333333e-02 7.692307692307693e-02 7.142857142857142e-02 
1.111111111111111e-01 1.000000000000000e-01 9.090909090909091e-02 8.333333333333333e-02 7.692307692307693e-02 7.142857142857142e-02 6.666666666666667e-02 6.250000000000000e-02 
1.000000000000000e-01 9.090909090909091e-02 8.333333333333333e-02 7.692307692307693e-02 7.142857142857142e-02 6.666666666666667e-02 6.250000000000000e-02 5.882352941176471e-02 5.555555555555555e-02 
9.090909090909091e-02 8.333333333333333e-02 7.692307692307693e-02 7.142857142857142e-02 6.666666666666667e-02 6.250000000000000e-02 5.882352941176471e-02 5.555555555555555e-02 5.263157894736842e-02 5.000000000000000e-02 
8.333333333333333e-02 7.692307692307693e-02 7.142857142857142e-02 6.666666666666667e-02 6.250000000000000e-02 5.882352941176471e-02 5.555555555555555e-02 5.263157894736842e-02 5.000000000000000e-02 4.761904761904762e-02 4.545454545454546e-02 
