0.000000000562213
0.000000001124426
0.000000001124427
0.000000001124427
0.000000001124427
0.000000001124424
0.000000001124422
0.000000001124421
0.000000000562210
0.000000001124425
0.000000002248851
0.000000002248853
0.000000002248852
0.000000002248850
0.000000002248845
0.000000002248843
0.000000002248841
0.000000001124418
0.000000001124426
0.000000002248853
0.000000002248855
0.000000002248852
0.000000002248850
0.000000002248847
0.000000002248846
0.000000002248841
0.000000001124416
0.000000001124427
0.000000002248850
0.000000002248848
0.000000002248847
0.000000002248853
0.000000002248855
0.000000002248856
0.000000002248850
0.000000001124423
0.000000000562215
0.000000001124427
0.000000001124426
0.000000001124427
0.000000001124429
0.000000001124430
0.000000001124428
0.000000001124427
0.000000000562214
0.200000244446405
0.200000244293907
0.200000545120743
0.200000600507274
0.200000928395118
0.200000140943291
0.199999476720153
0.199999583978710
0.199999296769081
0.199999984106457
0.200000118200844
0.200000341230996
0.200000200243896
0.200000072360648
0.199999576280229
0.199999384628054
0.199999379478590
0.199998756264295
0.200000362626215
0.200000379020472
0.200001197374715
0.200000333019562
0.200000316618820
0.199999554097801
0.199999488135140
0.199999485317115
0.199997566659779
0.200000360475019
0.199999969627310
0.199999410713558
0.199999265341540
0.200000376229387
0.200000555075251
0.200001390610745
0.200000011360307
0.199999818167818
0.200001926203610
0.200000224946014
0.200000916365919
0.200000711881526
0.200001409371406
0.200001328245243
0.200000382104350
0.200000642766980
0.200001228710304
0.400000488974242
0.400000487509895
0.400001090428555
0.400001200212673
0.400001858803003
0.400000284712462
0.399998949567888
0.399999168197468
0.399998596773082
0.399999966469854
0.400000233511570
0.400000679541425
0.400000397214463
0.400000145526514
0.399999153577404
0.399998764075057
0.399998757212821
0.399997516424455
0.400000725509832
0.400000755801363
0.400002397128553
0.400000670211430
0.400000625306340
0.399999104917487
0.399998971716966
0.399998969705561
0.399995136525119
0.400000718689796
0.399999935152439
0.399998826431067
0.399998536016934
0.400000744132272
0.400001104315878
0.400002775070122
0.400000019430714
0.399999635318199
0.400003859040980
0.400000455735815
0.400001817487932
0.400001411103733
0.400002796192183
0.400002641196656
0.400000755021560
0.400001272500781
0.400002432129460
0.600000734789852
0.600000730826088
0.600001638326118
0.600001800550703
0.600002795452052
0.600000436320973
0.599998416965849
0.599998755148831
0.599997904349562
0.599999947608096
0.600000347549704
0.600001016504451
0.600000592148405
0.600000224754217
0.599998737349184
0.599998137713079
0.599998135965822
0.599996286596654
0.600001091113840
0.600001132584288
0.600003606087763
0.600001020148732
0.600000922789901
0.599998653750164
0.599998450764931
0.599998456787486
0.599992715177931
0.600001074641391
0.599999897000052
0.599998256520326
0.599997821701432
0.600001099967983
0.600001646417779
0.600004151766001
0.600000025412854
0.599999452681752
0.600005806195072
0.600000700337534
0.600002690770340
0.600002087542753
0.600004140582704
0.600003926144460
0.600001112028644
0.600001878640894
0.600003586559438
0.800000982534755
0.800000974315428
0.800002189980033
0.800002401772389
0.800003741345627
0.800000599514949
0.799997876253495
0.799998346182672
0.799997223188341
0.799999926952491
0.800000459723584
0.800001351435729
0.800000784059371
0.800000312977727
0.799998330713120
0.799997502765290
0.799997516282756
0.799995071722055
0.800001460634936
0.800001509308855
0.800004828688673
0.800001388951875
0.800001203806250
0.799998199749775
0.799997923158581
0.799997948034792
0.799990307336125
0.800001427212866
0.799999853401065
0.799997707880428
0.799997129561451
0.800001437900720
0.800002177897136
0.800005516903642
0.800000028255522
0.799999270354189
0.800007774581496
0.800000965367827
0.800003523168592
0.800002730435194
0.800005422262748
0.800005169829153
0.800001445691220
0.800002449882539
0.800004668560942
1.000001232847123
1.000001218082983
1.000002746368133
1.000003004023780
1.000004699319151
1.000000777818266
0.999997324803908
0.999997942607579
0.999996556828539
0.999999903998741
1.000000569509373
1.000001683637161
1.000000971998808
1.000000413031523
0.999997936663607
0.999996856596229
0.999996898759098
0.999993876672018
1.000001835030817
1.000001885824382
1.000006069134818
1.000001782433642
1.000001463437201
0.999997742217105
0.999997386915159
0.999997445059823
0.999987918104242
1.000001775300063
0.999999802664156
0.999997187111515
0.999996466407695
1.000001752309213
1.000002695374152
1.000006866777104
1.000000026904425
0.999999088412828
1.000009770780025
1.000001257121122
1.000004302567002
1.000003329686265
1.000006621957836
1.000006359789658
1.000001749178041
1.000002975448784
1.000005655849395
1.200001486362747
1.200001462277949
1.200003308207152
1.200003607302752
1.200005671974690
1.200000974456696
1.199996760015918
1.199997545667514
1.199995908594164
1.199999878331711
1.200000676477503
1.200002012392326
1.200001155067249
1.200000527626879
1.199997558042545
1.199996196751045
1.199996284059407
1.199992706230911
1.200002214929218
1.200002261855092
1.200007331307282
1.200002206000963
1.200001697187844
1.199997280630722
1.199996840214951
1.199996949653680
1.199985553086820
1.200002117813997
1.199999743196797
1.199996700441626
1.199995838606701
1.200002037844484
1.200003195607138
1.200008197791819
1.200000020303062
1.199998906910847
1.200011800907050
1.200001581481252
1.200005018010140
1.200003876039909
1.200007721663357
1.200007484572355
1.200002016439131
1.200003445231422
1.200006527611283
1.400001743718184
1.400001707104534
1.400003875886694
1.400004211419408
1.400006661618223
1.400001192286610
1.399996179306462
1.399997156518198
1.399995281531094
1.399999849647946
1.400000780316902
1.400002336962541
1.400001332424735
1.400000659330516
1.399997197513018
1.399995520992005
1.399995672935213
1.399991565081223
1.400002600545060
1.400002636968276
1.400008618677926
1.400002664563569
1.400001901054326
1.399996814672714
1.399996281422646
1.399996463819859
1.399983218485347
1.400002453683143
1.399999673524387
1.399996253660746
1.399995252001263
1.400002289484017
1.400003675525584
1.400009506487119
1.400000007393768
1.399998725874289
1.400013870492444
1.400001943841436
1.400005659907368
1.400004361232194
1.400008704886643
1.400008533921741
1.400002242368362
1.400003849923401
1.400007264797997
1.600002005556477
1.600001952831519
1.600004449410885
1.600004815960860
1.600007670200440
1.600001433729253
1.599995580103634
1.599996776203276
1.599994678346196
1.599999817775460
1.600000880856575
1.600002656583637
1.600001503300230
1.600000810545906
1.599996857536426
1.599994827331750
1.599995066241804
1.599990457791169
1.600002991607504
1.600003010545965
1.600009934226428
1.600003162450776
1.600002071579800
1.599996344248417
1.599995709104275
1.599995989802290
1.599980921175818
1.600002781855545
1.599999592307205
1.599995852063092
1.599994711841054
1.600002502581783
1.600004132261998
1.600010789558620
1.599999987119078
1.599998545302260
1.600015984362175
1.600002349033834
1.600006220206408
1.600004778125258
1.600009556863275
1.600009498949492
1.600002422947245
1.600004181141216
1.600007850392585
1.800002272535654
1.800002199800341
1.800005028348888
1.800005420261079
1.800008699261852
1.800001700711533
1.799994959840850
1.799996405630451
1.799994101349284
1.799999782690475
1.800000978084184
1.800002970463510
1.800001666999933
1.800000983497456
1.799996540353353
1.799994114062903
1.799994464953702
1.799989388804845
1.800003387298455
1.800003381760654
1.800011280362078
1.800003703337484
1.800002205897450
1.799995869499562
1.799995122039421
1.799995530106905
1.799978668764540
1.800003101300662
1.799999498355078
1.799995500398434
1.799994222724501
1.800002672913676
1.800004563182249
1.800012043880300
1.799999958423586
1.799998365170554
1.800018146527995
1.800002801269611
1.800006692532720
1.800005120819552
1.800010264744367
1.800010372279171
1.800002555367195
1.800004431535747
1.800008269645434
2.000002545340135
2.000002448431593
2.000005611795266
2.000006023376398
2.000009749882998
2.000001994614151
1.999994315952550
1.999996045547742
1.999993552398718
1.999999744530838
2.000001072161310
2.000003277780495
2.000001822914449
2.000001180217648
1.999996247968372
1.999993379783632
1.999993870178623
1.999988362434842
2.000003786203755
2.000003749555432
2.000012658851309
2.000004290180275
2.000002301759948
1.999995390810452
1.999994519228539
1.999995087516055
1.999976469620499
2.000003411010901
1.999999390639690
1.999995202832959
1.999993788552679
2.000002796717895
2.000004965914129
2.000013266526094
1.999999920256430
1.999998185438786
2.000020360085600
2.000003304090094
2.000007072292437
2.000005384742683
2.000010817752252
2.000011148164341
2.000002638128020
2.000004594890137
2.000008510275475
2.200002824694975
2.200002699229897
2.200006198340955
2.200006624067104
2.200010822640491
2.200002316227838
2.199993645871757
2.199995696520171
2.199993032851396
2.199999703605955
2.200001163435192
2.200003577682572
2.200001970524790
2.200001402537168
2.199995982138865
2.199992623418925
2.199993283169736
2.199987382857154
2.200004186278038
2.200004112628888
2.200014070751966
2.200004925164319
2.200002357555053
2.199994908807009
2.199993899895342
2.199994665095226
2.199974332883297
2.200003710002803
2.199999268304568
2.199994962919933
2.199993412495658
2.200002870729946
2.200005338373856
2.200014454790717
2.199999871574544
2.199998006060948
2.200022627122577
2.200003860329279
2.200007356737618
2.200005566713660
2.200011207302593
2.200011822578396
2.200002671110925
2.200004666203429
2.200008562634234
2.400003111382736
2.400002952787132
2.400006786055326
2.400007220785475
2.400011917569573
2.400002665718336
2.399992947029816
2.399995358907198
2.399992543517923
2.399999660403193
2.400001252446796
2.400003869287442
2.400002109407253
2.400001652077934
2.399995744367830
2.399991844237390
2.399992705335985
2.399986454108025
2.400004584823872
2.400004469424981
2.400015516355256
2.400005609661573
2.400002372307465
2.399994424348773
2.399993263484316
2.399994266191654
2.399972268446390
2.400003997317866
2.399999130672839
2.399994783580160
2.399993096971450
2.400002892211935
2.400005678790145
2.400015606209411
2.399999811346815
2.399997826999041
2.400024948637433
2.400004472087678
2.400007544993510
2.400005664981957
2.400011427091596
2.400012393275058
2.400002655624893
2.400004641758807
2.400008419830793
2.600003406262659
2.600003209784090
2.600007372479630
2.600007811670447
2.600013034133838
2.600003042600623
2.599992216858540
2.599995032841274
2.599992084623708
2.599999615590755
2.600001339935143
2.600004151683450
2.600002239237211
2.600001930248845
2.599995535900553
2.599991041863436
2.599992138250331
2.599985580082385
2.600004978485512
2.600004818128021
2.600016995136361
2.600006344200574
2.600002345667434
2.599993938514114
2.599992609653610
2.599993894424670
2.599970286915980
2.600004272023028
2.599998977252939
2.599994667091948
2.599992843637418
2.600002858975909
2.600005985725573
2.600016718576263
2.599999738559204
2.599997648239395
2.600027324470948
2.600005140717134
2.600007638048554
2.600005679241268
2.600011473147756
2.600012859818948
2.600002594425917
2.600004519175519
2.600008077816398
2.800003710291647
2.800003470990618
2.800007954631858
2.800008394548987
2.800014171202618
2.800003445722782
2.799991452794964
2.799994718207957
2.799991655776729
2.799999570017179
2.800001426837898
2.800004423931361
2.800002359791918
2.800002238244042
2.799995357724943
2.799990216284855
2.799991583655716
2.799984764533321
2.800005363257251
2.800005156662841
2.800018505714556
2.800007128447967
2.800002277886948
2.799993452579102
2.799991938263607
2.799993553667724
2.799968399546643
2.800004533210852
2.799998807742484
2.799994615090168
2.799992653393723
2.800002769401100
2.800006258094846
2.800017789960725
2.799999652220920
2.799997469811036
2.800029753250922
2.800005866816067
2.800007638708605
2.800005610618432
2.800011343848132
2.800013223586373
2.800002491709046
2.800004297443657
2.800007535428278
3.000004024546481
3.000003737264369
3.000008529022767
3.000008966944160
3.000015327036511
3.000003873259777
2.999990652288796
2.999994414628037
2.999991255942597
2.999999524707608
3.000001514288309
3.000004685066972
3.000002470952425
3.000002577043397
2.999995210575221
2.999989367855837
2.999991043468557
2.999984011072173
3.000005734506087
3.000005482700089
3.000020045823638
3.000007961201669
3.000002169784596
2.999992967990751
2.999991249361586
2.999993248022312
2.999966618155223
3.000004779999535
2.999998622030542
2.999994628573739
2.999992526398148
3.000002622444930
3.000006495179682
3.000018818721951
2.999999551371630
2.999997291805415
3.000032232351300
3.000006650234401
3.000007551517728
3.000005461638447
3.000011039899878
3.000013487736895
3.000002353073847
3.000003976941326
3.000006794392867
3.200004350246600
3.200004009548312
3.200009091682692
3.200009526089682
3.200016499281348
3.200004322717182
3.199989812812662
3.199994121442184
3.199990883427515
3.199999480857125
3.200001603608600
3.200004934104554
3.200002572704725
3.200002947414903
3.199995094938669
3.199988497295566
3.199990519779674
3.199983323168625
3.200006087008091
3.200005793666598
3.200021612293344
3.200008840395484
3.200002022700486
3.199992486335352
3.199990543163021
3.199992981784122
3.199964955015108
3.200005011532813
3.199998420198571
3.199994707920737
3.199992462091476
3.200002417647784
3.200006696639978
3.200019803520593
3.199999435089697
3.199997114396703
3.200034757866439
3.200007490087267
3.200007382648537
3.200005236166905
3.200010564288306
3.200013657156830
3.200002185464336
3.200003559433876
3.200005859289354
3.400004688776691
3.400004288867146
3.400009638198496
3.400010068950757
3.400017684970835
3.400004790944884
3.399988931875118
3.399993837698507
3.399990535869655
3.399999439821429
3.400001696300019
3.400005170041136
3.400002665140220
3.400003349918665
3.399995011065009
3.399987605682575
3.399990014852520
3.399982704150324
3.400006414997672
3.400006086760623
3.400023201042279
3.400009763114775
3.400001838442744
3.399992009302858
3.399989820030104
3.399992759401941
3.399963422733389
3.400005226979935
3.399998202520273
3.399994852910305
3.399992459232346
3.400002155131562
3.400006862521026
3.400020743327663
3.399999302501382
3.399996937861786
3.400037324601100
3.400008384776488
3.400007139765559
3.400004939331648
3.400009922193344
3.400013738376267
3.400001997084937
3.400003048055137
3.400004737475106
3.600005041708344
3.600004576322764
3.600010163759872
3.600010592250791
3.600018880537901
3.600005274160546
3.599988007036387
3.599993562143613
3.599990210239264
3.599999403105200
3.600001794029766
3.600005391861574
3.600002748455671
3.600003784912147
3.599994958978038
3.599986694445183
3.599989531118556
3.599982157201592
3.600006712228634
3.600006358971782
3.600024807082759
3.600010725622711
3.600001619227306
3.599991538648311
3.599989080448109
3.599992585430065
3.599962034113655
3.600005425535877
3.599997969460591
3.599995062750371
3.599992515940472
3.600001835592155
3.600006993256527
3.600021637430242
3.599999152790852
3.599996762599166
3.600039926076542
3.600009332018822
3.600006831865580
3.600004577425661
3.600009120876711
3.600013739461685
3.600001797294357
3.600002447270959
3.600003438975005
3.800005410819967
3.800004873088943
3.800010663214041
3.800011092503536
3.800020081834756
3.800005767982457
3.799987035926705
3.799993293217470
3.799989902847866
3.799999372348509
3.800001898615052
3.800005598544464
3.800002822952677
3.800004252556341
3.799994938489113
3.799985765348259
3.799989071169816
3.799981685360711
3.800006972045799
3.800006607105396
3.800026424537766
3.800011723396471
3.800001367612734
3.799991076151374
3.799988325000323
3.799992464475037
3.799960802007502
3.800005606421983
3.799997721674070
3.799995336110242
3.799992629746995
3.800001460285992
3.800007089667264
3.800022485433678
3.799998985210880
3.799996589145876
3.800042554552826
3.800010328879917
3.800006469099138
3.800004157793556
3.800008169542618
3.800013669886461
3.800001596479765
3.800001762825489
3.800001976337344
4.000005798114175
4.000005180405362
4.000011131127788
4.000011566050174
4.000021284161369
4.000006267471376
3.999986016267099
3.999993029052564
3.999989609366603
3.999999349311617
4.000002012004614
4.000005789068844
4.000002889036808
4.000004752822642
3.999994949212046
3.999984820476752
3.999988637748555
3.999981291515557
4.000007187465797
4.000006827810917
4.000028046670068
4.000012751172717
4.000001086431826
3.999990623575059
3.999987554342217
3.999992401137678
3.999959739157871
4.000005768887211
3.999997460002742
3.999995671157089
3.999992797650651
4.000001031010981
4.000007152955305
4.000023287260218
3.999998799093990
3.999996418191647
4.000045201067219
4.000011371813008
4.000006062577477
4.000003688704178
4.000007079175010
4.000013540382064
4.000001405913742
4.000001001670993
4.000000364459232
4.200006205831976
4.200005499571106
4.200011561855686
4.200012009100710
4.200022482302121
4.200006767180682
4.199984945892448
4.199992767477574
4.199989324853795
4.199999335858529
4.200002136257964
4.200005962421717
4.200002947216461
4.200005285500073
4.199994990579074
4.199983862216323
4.199988233734049
4.199980978397261
4.200007351265515
4.200007017614133
4.200029665923308
4.200013803001558
4.200000778721815
4.199990182624689
4.199986769175610
4.199992399951515
4.199958858037406
4.200005912210183
4.199997185473634
4.199996065595456
4.199993016178485
4.200000550082111
4.200007184693765
4.200024043143840
4.199998593863842
4.199996250589665
4.200047855488372
4.200012456701371
4.200005624169340
4.200003179211945
4.200005862354813
4.200013362772733
4.200001237596876
4.200000171882230
4.199998620384823
4.400006636463019
4.400005831937716
4.400011949613280
4.400012417779041
4.400023670570072
4.400007261214183
4.399983822776529
4.399992506025882
4.399989043791532
4.399999333939648
4.400002273522706
4.400006117606372
4.400002998101441
4.400005850202780
4.399995061857468
4.399982893231543
4.399987862126594
4.399980748571831
4.400007456076615
4.400007172952724
4.400031273974796
4.400014872308174
4.400000447654777
4.399989754908191
4.399985970223507
4.399992465318753
4.399958170684991
4.400006035702249
4.399996899295997
4.399996516708888
4.399993281449827
4.400000020302135
4.400007186812105
4.400024753621390
4.399998369046566
4.399996087363276
4.400050506585642
4.400013578903768
4.400005166291850
4.400002639009685
4.400004533060676
4.400013149796777
4.400001104088866
4.399999282556602
4.399996763079983
4.600007092751356
4.600006178901864
4.600012288553968
4.600012788171037
4.600024842858370
4.600007743290716
4.599982645058803
4.599992241949070
4.599988760131088
4.599999345573774
4.600002426010286
4.600006253651493
4.600003042401371
4.600006446377487
4.599995162166534
4.599981916442092
4.599987526028761
4.599980604429657
4.600007494484558
4.600007290214776
4.600032861799423
4.600015951961224
4.600000096469861
4.599989341898667
4.599985158206268
4.599992601444984
4.599957688543491
4.600006138711664
4.599996602858266
4.599997021402931
4.599993589242297
4.599999444927787
4.600007161577153
4.600025419520002
4.599998124281806
4.599995929708190
4.600053142112844
4.600014733302049
4.600004701699564
4.600002078275652
4.600003106456864
4.600012914917633
4.600001018331161
4.599998343701579
4.599994813187083
4.800007577696186
4.800006541897679
4.800012572848349
4.800013116374861
4.800025992697990
4.800008206814656
4.799981411072650
4.799991972235432
4.799988467346767
4.799999372829793
4.800002595970476
4.800006369621022
4.800003080923863
4.800007073310894
4.799995290494651
4.799980934997352
4.799987228624178
4.799980548172942
4.800007459130473
4.800007365779815
4.800034419744096
4.800017034347124
4.799999728408743
4.799988944900145
4.799984333819814
4.799992812273842
4.799957422301558
4.800006220629062
4.799996297724748
4.799997576248795
4.799993935058660
4.799998827632003
4.800007111570022
4.800026041940967
4.799997859333163
4.799995778989826
4.800055748905369
4.800015914350335
4.800004243275553
4.800001507517424
4.800001598671993
4.800012672127834
4.800000993464149
4.799997366110960
4.799992792763826
5.000008094547185
5.000006922388758
5.000012796764772
5.000013398552841
5.000027113321122
5.000008644951335
4.999980119374706
4.999991693633548
4.999988158497651
4.999999417808231
5.000002785664920
5.000006464624786
5.000003114572470
5.000007730136901
4.999995445716141
4.999979952249898
4.999986973153897
4.999980581801308
5.000007342814342
5.000007396061910
5.000035937611785
5.000018111449312
4.999999346655555
4.999988565017329
4.999983497716370
4.999993101422852
4.999957381742164
5.000006280894301
4.999995985631926
4.999998177527087
4.999994314193520
4.999998172462721
5.000007039659177
5.000026622240331
4.999997574097749
4.999995636735638
5.000058312989575
5.000017116125237
5.000003803828011
5.000000937415215
5.000000026572262
5.000012435749072
5.000001042641844
4.999996361231818
4.999990725009898
5.200008646794161
5.200007321859783
5.200012954749907
5.200013630984143
5.200028197729278
5.200009050706386
5.199978768774979
5.199991402680782
5.199987826296684
5.199999482622844
5.200002997340102
5.200006537829742
5.200003144344384
5.200008415843585
5.199995626607735
5.199978971728234
5.199986762890659
5.199980707095749
5.200007138597996
5.200007377554356
5.200037404754320
5.200019174931502
5.199998954282388
5.199988203129997
5.199982650488368
5.199993472121561
5.199957575600211
5.200006319004704
5.199995668484345
5.199998821271122
5.199994721798817
5.199997483798739
5.200006948970058
5.200027162006420
5.199997268614616
5.199995504622340
5.200060819703102
5.200018332376666
5.200003395895500
5.200000378667092
5.199998407532661
5.200012220231375
5.200001178847005
5.199995341023930
5.199988633985313
5.400009238150790
5.400007741807766
5.400013041508146
5.400013810117464
5.400029238765229
5.400009417007889
5.399977358367410
5.399991095736492
5.399987463186394
5.399999569382452
5.400003233200005
5.400006588471912
5.400003171327802
5.400009129279973
5.399995831864484
5.399977997109215
5.399986601111311
5.399980925601274
5.400006839906494
5.400007306875465
5.400038810172777
5.400020216224093
5.399998554201210
5.399987859872654
5.399981792655843
5.399993927153156
5.399958011431312
5.400006334524727
5.399995348349906
5.399999503309380
5.399995152947302
5.399996766303354
5.400006842851548
5.400027663034798
5.399996943071764
5.399995384458133
5.400063253824751
5.400019556578941
5.400003031563640
5.399999841838317
5.399996759209538
5.400012039954333
5.400001414709289
5.399994317813682
5.399986544324153
5.600009872532429
5.600008183732799
5.600013052078825
5.600013932623062
5.600030229187847
5.600009736790299
5.599975887560472
5.599990769019702
5.599987061420436
5.599999680173065
5.600003495378770
5.600006615868782
5.600003196698932
5.600009869162552
5.599996060115005
5.599977032190499
5.599986491067639
5.599981238608644
5.600006440626527
5.600007180814965
5.600040142624377
5.600021226612760
5.599998149122929
5.599987535619800
5.599980924657832
5.599994468800478
5.599958695493560
5.600006327097002
5.599995027454458
5.600000219306796
5.599995602693236
5.599996024876241
5.600006724839840
5.600028127300923
5.599996597811581
5.599995278160161
5.600065599712370
5.600020781981901
5.600002722295510
5.599999337216904
5.599995099317675
5.600011909033089
5.600001762329097
5.599993304144418
5.599984480947276
5.800010554027999
5.800008649128264
5.800012981910218
5.800013995443397
5.800031161748791
5.800010003079080
5.799974356107484
5.799990418650822
5.799986613150197
5.799999817040355
5.800003785913629
5.800006619432163
5.800003221718544
5.800010634081624
5.799996309935916
5.799976080863392
5.799986435955985
5.799981647135602
5.800005935200737
5.800006996380513
5.800041390734616
5.800022197328339
5.799997741524016
5.799987230477194
5.799980046847971
5.799995098797447
5.799959632643714
5.800006296454613
5.799994708175531
5.800000964804635
5.799996066129724
5.799995264604273
5.800006598620127
5.800028556931074
5.799996233334448
5.799995187727522
5.800067841447263
5.800022001661860
5.800002478777666
5.799998874677183
5.799993445414737
5.800011841131573
5.800002233109406
5.799992312625164
5.799982468777385
6.000011286866103
6.000009139470391
6.000012826929459
6.000013995841720
6.000032029270146
6.000010209074962
5.999972764136265
5.999990040697036
5.999986110515485
5.999999981972576
6.000004106718364
6.000006598681323
6.000003247727973
6.000011422507500
5.999996579865435
5.999975147086325
5.999986438885929
5.999982151908045
6.000005318716752
6.000006750843841
6.000042543113380
6.000023119637215
5.999997333621024
5.999986944279227
5.999979159494511
5.999995818286639
5.999960826248959
6.000006242434524
5.999994393035025
6.000001735258770
5.999996538442117
5.999994490711787
6.000006467986598
6.000028954171984
5.999995850300448
5.999995115210332
6.000069962983445
6.000023208572282
6.000002310783273
5.999998463553036
5.999991814695679
6.000011849285320
6.000002837597602
5.999991355779712
5.999980532459580
6.200012075375607
6.200009656207079
6.200012583607553
6.200013931447963
6.200032824721978
6.200010348236880
6.199971112177778
6.199989631220793
6.199985545738483
6.200000176883850
6.200004459557547
6.200006553256282
6.200003276144527
6.200012232796594
6.199996868416104
6.199974234859269
6.199986502848465
6.199982753341606
6.200004586990131
6.200006441785994
6.200043588473774
6.200023984931268
6.199996927353091
6.199986676592432
6.199978262784937
6.199996627783680
6.199962278115090
6.200006164991883
6.199994084690767
6.200002526076210
6.199997014957127
6.199993708510971
6.200006336801343
6.200029321359688
6.199995449529007
6.199995062675370
6.200071948300242
6.200024395594051
6.200002227053404
6.199998112522095
6.199990223799418
6.200011945735795
6.200003585339243
6.199990445897890
6.199978696090295
6.400012923941033
6.400010200745893
6.400012249018850
6.400013800301343
6.400033541298926
6.400010414362563
6.399969401193368
6.399989186330918
6.399984911219915
6.400000403597862
6.400004846021706
6.400006482931103
6.400003308456202
6.400013063197470
6.399997174086583
6.399973348199262
6.399986630683911
6.399983451524080
6.400003736640302
6.400006067141240
6.400044515752329
6.400024784816667
6.399996524372373
6.399986426725108
6.399977356835111
6.399997527149048
6.399963988431641
6.400006064215027
6.399993785926739
6.400003332649860
6.399997491187394
6.399992923352772
6.400006208952624
6.400029660888118
6.399995031996482
6.399995032168924
6.400073781556642
6.400025555585299
6.400002235197180
6.399997829501987
6.399988688629733
6.400012141777964
6.400004484745235
6.399989594890782
6.399976982957265
6.600013836953135
6.600010774441142
6.600011820894342
6.600013600889177
6.600034172494882
6.600010401665929
6.599967632600335
6.599988702235713
6.599984199636574
6.600000663831903
6.600005267503728
6.600006387626965
6.600003346215600
6.600013911856863
6.599997495372560
6.599972491117215
6.599986825050010
6.599984246199149
6.600002765158885
6.600005625239145
6.600045314229330
6.600025511200765
6.599996126042147
6.599986193742771
6.599976441703022
6.599998515567617
6.599965955734238
6.600005940340868
6.599993499641879
6.600004150391412
6.599997962871214
6.599992140578985
6.600006088313093
6.600029975177880
6.599994598831641
6.599995025677551
6.600075447245825
6.600026681430739
6.600002341611072
6.599997621559572
6.599987224191981
6.600012447622520
6.600005542973762
6.599988814151539
6.599975415292842
6.800014818755164
6.800011378579987
6.800011297668339
6.800013332181412
6.800034712174925
6.800010304850463
6.799965808295425
6.799988175297410
6.799983404039217
6.800000959181233
6.800005725176508
6.800006267424881
6.800003391033022
6.800014776825765
6.799997830776709
6.799971667596123
6.799987088390508
6.799985136751788
6.800001670969824
6.800005114844346
6.800045973648061
6.800026156376305
6.799995733442283
6.799985976489229
6.799975517406879
6.799999591536189
6.799968176884183
6.800005793770387
6.799993228837375
6.800004974762357
6.799998426007424
6.799991365475893
6.800005978698433
6.800030266645741
6.799994151309129
6.799995045087424
6.800076930348469
6.800027766090388
6.800002551417404
6.799997494833656
6.799985844446918
6.800012872273972
6.800006765827907
6.799988114423309
6.799974014042675
7.000015873585329
7.000012014367500
7.000010678518141
7.000012993660461
7.000035154643767
7.000010119177777
6.999963930675971
6.999987602087419
6.999982517949880
7.000001291103709
7.000006219972127
7.000006122577853
7.000003444568621
7.000015656065533
6.999998178817799
6.999970881570762
6.999987422904520
6.999986122195733
7.000000453480936
7.000004535193657
7.000046484331668
7.000026713102364
6.999995347381572
6.999985773612836
6.999974583947397
7.000000752859226
6.999970647064970
7.000005625083905
6.999992976602321
7.000005801303173
6.999998876885372
6.999990603229890
7.000005883826919
7.000030537675300
6.999993690840903
6.999995092143139
7.000078216483395
7.000028802647702
7.000002868421672
6.999997454471640
6.999984562182648
7.000013423425336
7.000008157669765
6.999987505675602
6.999972798651516
7.200017005516054
7.200012682910680
7.200009963396465
7.200012585345998
7.200035494709941
7.200009840530774
7.199962002658401
7.199986979441635
7.199981535457765
7.200001660904642
7.200006752562608
7.200005953522184
7.200003508523585
7.200016547454068
7.199998538038895
7.199970136908866
7.199987830517030
7.199987201163289
7.199999113126579
7.200003886030015
7.200046837296633
7.200027174681389
7.199994968416338
7.199985583597421
7.199973641334011
7.200001996652635
7.199973359795354
7.200005435055751
7.199992746097748
7.200006625660635
7.199999312110000
7.199989858885551
7.200005807280368
7.200030790589149
7.199993218965886
7.199995168406567
7.200079292054244
7.200029784356964
7.200003295088202
7.199997504580246
7.199983388905268
7.200014107370123
7.200009721351519
7.199986996990330
7.199971786867583
7.400018218390616
7.400013385201419
7.400009153056391
7.400012107814457
7.400035727745133
7.400009465470828
7.399960027693758
7.399986304515205
7.399980451312802
7.400002069721836
7.400007323342366
7.400005760887864
7.400003584630307
7.400017448792072
7.399998907014663
7.399969437393879
7.399988312850756
7.399988371897750
7.399997651401211
7.400003167633010
7.400047024361665
7.400027535031728
7.399994596874687
7.399985404797479
7.399972689614576
7.400003319355578
7.399976306958306
7.400005224668038
7.399992540538939
7.400007443613319
7.399999728622153
7.399989137306349
7.400005752466870
7.400031027622989
7.399992737337906
7.399995275216662
7.400080144390965
7.400030704689897
7.400003832533296
7.399997648190253
7.399982334748612
7.400014928931864
7.400011458163684
7.399986596458451
7.399970994566680
7.600019515757848
7.600014122098371
7.600008249068805
7.600011562212983
7.600035849738127
7.600008991288417
7.599958009780130
7.599985574836128
7.599979261016032
7.600002518510768
7.600007932412463
7.600005545507684
7.600003674641494
7.600018357809303
7.599999284357869
7.599968786709078
7.599988871199657
7.599989632248636
7.599996070883823
7.600002380845481
7.600047038251161
7.600027788755201
7.599994232885670
7.599985235476863
7.599971728908250
7.600004716749966
7.599979478845031
7.600004995123141
7.599992363176094
7.600008251095251
7.600000123714290
7.599988443138347
7.600005722585699
7.600031250901988
7.599992247712128
7.599995413650813
7.600080761885015
7.600031557381301
7.600004480534960
7.599997887235057
7.599981408403156
7.600015891411280
7.600013367800564
7.599986311088136
7.599970435596936
7.800020900805523
7.800014894307913
7.800007253832266
7.800010950267728
7.800035857342853
7.800008416046980
7.799955953471551
7.799984788357083
7.799977960906014
7.800003008029963
7.800008579566684
7.800005308424969
7.800003780318201
7.800019272170866
7.799999668725013
7.799968188423152
7.799989506504319
7.799990979669873
7.799994375253167
7.800001527096066
7.800046872692200
7.800027931199199
7.799993876412577
7.799985073850499
7.799970759440995
7.800006183987326
7.799982864213169
7.800004747854611
7.799992217273311
7.800009044217773
7.800000495041757
7.799987780777112
7.800005720594728
7.800031462419614
7.799991751930209
7.799995584488537
7.800081134117188
7.800032336473657
7.800005237558074
7.799998222542596
7.799980617063908
7.800016996550960
7.800015448342696
7.799986146725134
7.799970121644787
8.000022376293135
8.000015702364124
8.000006170575430
8.000010274286392
8.000035747920176
8.000007738619571
7.999953863883355
7.999983943504862
7.999976548240551
8.000003538826466
8.000009264279592
8.000005050899679
8.000003903416765
8.000020189483447
8.000000058821099
7.999967645977059
7.999990219329337
7.999992411220995
7.999992569293920
8.000000608417277
8.000046522504322
8.000027958512954
7.999993527289583
7.999984918128335
7.999969781583226
8.000007715622617
7.999986450358043
8.000004484536097
7.999992106085982
8.000009819289582
8.000000840629840
7.999987154337936
8.000005749180623
8.000031664019156
7.999991251904387
7.999995788178101
8.000081251977235
8.000033036360458
8.000006100793749
7.999998653840205
7.999979966396848
8.000018244517173
8.000017696255869
7.999986107985787
7.999970062122615
8.200023944484709
8.200016546608033
8.200005003352075
8.200009537155017
8.200035519573156
8.200006958718133
8.199951746693701
8.199983039226895
8.199975021273023
8.200004111221523
8.200009985696431
8.200004774412736
8.200004045674676
8.200021107301446
8.200000453403621
8.199967162672015
8.199991009842964
8.199993923571332
8.199990658893883
8.199999627458942
8.200045983681381
8.200027867697564
8.199993185260901
8.199984766560938
8.199968795889042
8.200009305654405
8.199990223195902
8.200004207088075
8.199992032836654
8.200010572835016
8.200001158876805
8.199986567629576
8.200005810732035
8.200031857378121
8.199990749600724
8.199996024806683
8.200081107774404
8.200033651828125
8.200007066211560
8.199999179771703
8.199979460523336
8.200019633898293
8.200020106406203
8.199986198203113
8.199970264078217
8.400025607082370
8.400017427166174
8.400003757029015
8.400008742329044
8.400035171175478
8.400006076915323
8.399949608141123
8.399982075034325
8.399973379322656
8.400004725296441
8.400010742625094
8.400004480668317
8.400004208795345
8.400022023132966
8.400000851285672
8.399966741658544
8.399991877798993
8.399995513007234
8.399988651032498
8.399998587496768
8.400045253464766
8.400027656649510
8.399992850021716
8.399984617485938
8.399967803136494
8.400010947570808
8.399994167357990
8.400003917682016
8.399992000689442
8.400011301610441
8.400001448553297
8.399986024131465
8.400005907315983
8.400032043995541
8.399990247021835
8.399996294074541
8.400080695338168
8.400034178096252
8.400008128623313
8.399999797925865
8.399979102021712
8.400021161719147
8.400022672090534
8.399986419386064
8.399970732126079
8.600027365161292
8.600018343928676
8.600002437267044
8.600007893818759
8.600034702393069
8.600005094658753
8.599947455017984
8.599981051041189
8.599971622838176
8.600005380878738
8.600011533530040
8.600004171594051
8.600004394431883
8.600022934445542
8.600001251338226
8.599966385926347
8.599992822521106
8.599997175442105
8.599986553760811
8.599997492435911
8.600044330407531
8.600027324197374
8.599992521259956
8.599984469374711
8.599966804368204
8.600012634400651
8.599998266294028
8.600003618741811
8.599992012723149
8.600012002618877
8.600001708798224
8.599985526974466
8.600006040657565
8.600032225182270
8.599989746189241
8.599996595273764
8.600080010108620
8.600034610856040
8.600009281756851
8.600000504875606
8.599978891945115
8.600022823470448
8.600025385081226
8.599986772192123
8.599971468400199
8.800029219106655
8.800019296527054
8.800001050495265
8.800006996169296
8.800034113698636
8.800004014277727
8.799945294659732
8.799979967999205
8.799969753454242
8.800006077528666
8.800012356528205
8.800003849338902
8.800004604169848
8.800023838671626
8.800001652491551
8.799966098294899
8.799993842889682
8.799998906429222
8.799984376173311
8.799996346809374
8.800043214428873
8.800026870131568
8.799992198698240
8.799984320878570
8.799965800931778
8.800014358768999
8.800002502384119
8.800003312942142
8.799992071903205
8.800012673122701
8.800001939111505
8.799985078925181
8.800006212123023
8.800032402054249
8.799989249125705
8.799996927271859
8.800079049215869
8.800034946306564
8.800010518338594
8.800001296226801
8.799978829854499
8.800024613152415
8.800028235684529
8.799987255913067
8.799972472528223
9.000031168553356
9.000020284311928
8.999999603879091
9.000006054435358
9.000033406379366
9.000002838982539
8.999943134929884
8.999978827327890
8.999967774040217
9.000006814526119
9.000013209386992
9.000003516268624
9.000004839509090
9.000024733213609
9.000002053735823
8.999965881404469
8.999994937331072
9.000000701177040
8.999982128371908
8.999995155771122
9.000041906858664
9.000026295226881
8.999991882135189
8.999984170873759
8.999964794519377
9.000016112956459
9.000006857057501
9.000003003203686
8.999992181052537
9.000013310654507
9.000002139343838
8.999984682373658
9.000006422706280
9.000032575528589
8.999988757837741
8.999997288500628
9.000077811548104
9.000035181188753
9.000011830183253
9.000002166675948
8.999978913865691
9.000026523331480
9.000031212811434
8.999987868473761
8.999973741626201
9.200033212328997
9.200021306330898
9.199998105282248
9.200005074150917
9.200032582537631
9.200001572856484
9.199940984200635
9.199977631139500
9.199965688740770
9.200007590858155
9.200014089524180
9.200003174958731
9.200005101844717
9.200025615448524
9.200002454120769
9.199965737707529
9.199996103809415
9.200002554566812
9.199979821422339
9.199993925083991
9.200040410471617
9.200025601257741
9.199991571485384
9.199984018504685
9.199963787205698
9.200017888961471
9.200011310917075
9.200002692684949
9.199992342821622
9.200013913025952
9.200002309683912
9.199984339324475
9.200006673018844
9.200032746322528
9.199988274298523
9.199997676950495
9.200076297807934
9.200035312816702
9.200013208289551
9.200003110075496
9.199979140709257
9.200028545209102
9.200034304059852
9.199988606443688
9.199975270313498
9.400035348400763
9.400022361306853
9.399996563223151
9.400004061294213
9.400031645085047
9.400000220840772
9.399938851329164
9.399976382258677
9.399963503007925
9.400008405207211
9.400014994009892
9.400002828184826
9.400005392447301
9.400026482732157
9.400002852754509
9.399965669460263
9.399997339820899
9.400004461172248
9.399977467303467
9.399992661102145
9.400038729510989
9.400024791006063
9.399991266817322
9.399983863224614
9.399962781483907
9.400019678564831
9.400015843868406
9.400002384770669
9.399992559657758
9.400014478334725
9.400002450643147
9.399984051391058
9.400006963283097
9.400032914954934
9.399987800431434
9.399998090170477
9.400074510556655
9.400035339106246
9.400014642940350
9.400004119506061
9.399979505801889
9.400030668701433
9.400037495807014
9.399989465060784
9.399977050747101
9.600037573826807
9.600023447616962
9.599994986826067
9.600003022248304
9.600030597729875
9.599998788712622
9.599936745629458
9.599975084236371
9.599961223624186
9.600009255940135
9.600015919570586
9.600002478910284
9.600005712442393
9.600027332402705
9.600003248801473
9.599965678713998
9.599998642390533
9.600006415280838
9.599975078849763
9.599991370748304
9.600036869701517
9.600023868261697
9.599990968388720
9.599983704833397
9.599961780298711
9.600021473395723
9.600020435251938
9.600002083056598
9.599992833773902
9.600015004969407
9.600002563038318
9.599983819793032
9.600007293328854
9.600033081750228
9.599987338094495
9.599998525273920
9.600072454246305
9.600035258600350
9.600016123806196
9.600005187354306
9.599980003328085
9.600032882528744
9.600040773310964
9.599990438267209
9.599979072674493
9.800039884712623
9.800024563272679
9.799993385767372
9.800001963757538
9.800029444958204
9.799997283056738
9.799934676839849
9.799973741357974
9.799958858716352
9.800010141098255
9.800016862594992
9.800002130271192
9.800006062789466
9.800028161783795
9.800003641479458
9.799965767306437
9.800000008071251
9.800008410916696
9.799972669687328
9.799990061485623
9.800034838251543
9.800022837815375
9.799990676678574
9.799983543511516
9.799960787076010
9.800023264998517
9.800025063977255
9.800001791330716
9.799993167117089
9.800015491612372
9.800002647972285
9.799983645356498
9.800007662593069
9.800033246844560
9.799986889065778
9.799998978950068
9.800070135239292
9.800035070491237
9.800017640050827
9.800006305395669
9.799980626330704
9.800035174313365
9.800044120819825
9.799991518756407
9.799981323504310
10.000042276173073
10.000025705900946
9.999991770217422
10.000000892880317
10.000028192008982
9.999995711230588
9.999932655086159
9.999972358645350
9.999956417759725
10.000011058388569
10.000017819142135
10.000001785558595
10.000006444260441
10.000028968186953
10.000004030055731
9.999965936852499
10.000001432945403
10.000010441864429
9.999970254163923
9.999988741284296
10.000032643844307
10.000021705444164
9.999990392415514
9.999983379849988
9.999959805748556
10.000025044899578
10.000029708658275
10.000001513550806
9.999993561336812
10.000015937240491
10.000002706812964
9.999983528517024
10.000008070122563
10.000033410193859
9.999986455030051
9.999999447481406
10.000067561815474
10.000034774638948
10.000019180437706
10.000007464880866
9.999981366809187
10.000037530684994
10.000047521687707
9.999992698030958
9.999983788393827
10.200044742300367
10.200026872727104
10.199990150778223
10.199999816938503
10.200026844843435
10.199994081323688
10.199930690840624
10.199970941852710
10.199953911572477
10.200012005176365
10.200018784951302
10.200001448197986
10.200006857417891
10.200029748913456
10.200004413842365
10.199966188734519
10.200002912628541
10.200012501693745
10.199967847273159
10.199987418583056
10.200030296618257
10.200020477889570
10.199990116601894
10.199983214875589
10.199958840776983
10.200026804673373
10.200034347748231
10.200001253818384
10.199994017753404
10.200016341123783
10.200002741170929
10.199983469325106
10.200008514579608
10.200033571583548
10.199986037566738
10.199999926766717
10.200064744166641
10.200034371586108
10.200020733436435
10.200008656625208
10.199982215824134
10.200039937392226
10.200050958496071
10.199993966470641
10.199986450352418
10.400047276138663
10.400028060559594
10.399988538417485
10.399998743463861
10.400025410108968
10.399992402111385
10.399928794876450
10.399969497456210
10.399951352299809
10.400012978479305
10.400019755454085
10.400001121726147
10.400007302593066
10.400030501255616
10.400004792190579
10.399966524091870
10.400004442275332
10.400014583784531
10.399965464573370
10.399986102245556
10.400027808136501
10.400019162828201
10.399989850533244
10.399983050070968
10.399957897165539
10.400028536007346
10.400038959673466
10.400001016349119
10.399994537326773
10.400016702821908
10.400002752875585
10.399983467453959
10.400008994250129
10.400033730639661
10.399985638139418
10.400000412349705
10.400061694378333
10.400033862568748
10.400022287328111
10.400009871099957
10.399983163606922
10.400042379419078
10.400054413179355
10.399995313409924
10.399989290360054
10.600049869665650
10.600029265776916
10.599986944399294
10.599997680142019
10.600023895098136
10.599990683003400
10.599926978218324
10.599968032637147
10.599948753387721
10.600013974963336
10.600020725788427
10.600000809765280
10.600007779863931
10.600031222497538
10.600005164484344
10.599966943809665
10.600006016587704
10.600016681351930
10.599963122101295
10.599984801511813
10.600025191345450
10.600017768835153
10.599989595812715
10.599982887389199
10.599956980472122
10.600030230764668
10.600043522964988
10.600000805439732
10.599995120625529
10.600017022178513
10.600002743950320
10.599983522209440
10.600009507054395
10.600033886840952
10.599985258086805
10.600000899453089
10.600058426398974
10.600033249522999
10.600023830308738
10.600011098524673
10.599984199673299
10.600044841105536
10.600057867153710
10.599996727224381
10.599992287499875
10.800052513781553
10.800030484317116
10.799985380211789
10.799996634754166
10.800022307702925
10.799988933987555
10.799925252088789
10.799966555258795
10.799946129546063
10.800014990940449
10.800021690814781
10.800000515994592
10.800008289033393
10.800031909915386
10.800005530133122
10.799967448506582
10.800007629824954
10.800018787471213
10.799960836280992
10.799983525944787
10.800022460522644
10.800016305340181
10.799989354360157
10.799982729262434
10.799956096811874
10.800031881044482
10.800048016386969
10.800000625431476
10.799995767796998
10.800017299313371
10.800002716586661
10.799983632541817
10.800010050559942
10.800034039531779
10.799984898615483
10.800001383017806
10.800054955996382
10.800032535087389
10.800025350589983
10.800012328959863
10.799985312939624
10.800047306270931
10.800061301447771
10.799998195425246
10.799995419104002
11.000055198306010
11.000031711670120
10.999983857492140
10.999995615117044
11.000020656364793
10.999987165569026
10.999923627850633
10.999965073836739
10.999943496700762
11.000016022368653
11.000022645134360
11.000000244119390
11.000008829607886
11.000032560777228
11.000005888563905
10.999968038521644
11.000009275815922
11.000020895102029
10.999958623828165
10.999982285372280
11.000019631213984
11.000014782576693
10.999989128415621
10.999982578604145
10.999955252853981
11.000033479238921
11.000052419061252
11.000000480670433
10.999996478538050
11.000017534612425
11.000002673117649
10.999983797059260
11.000010621996577
11.000034187935308
10.999984560794328
11.000001857747165
11.000051300701545
11.000031722600761
11.000026836496522
11.000013552399144
10.999986491840826
11.000049758339216
11.000064696834434
10.999999704761473
10.999998660911690
11.200057911983182
11.200032942873229
11.199982387949227
11.199994629021575
11.200018950020885
11.199985388705485
11.199922116945434
11.199963597502800
11.199940871934835
11.200017064854235
11.200023583109552
11.199999997837773
11.200009400776505
11.200033172342618
11.200006239212540
11.199968713899878
11.200010947973114
11.200022997111803
11.199956501650096
11.199981089824242
11.200016720160363
11.200013211523780
11.199988920536981
11.199982438804840
11.199954455811016
11.200035018086416
11.200056710587113
11.200000375464612
11.199997252067222
11.200017728715640
11.200002615990549
11.199984014042792
11.200011218273103
11.200034331166844
11.199984245550707
11.200002318155629
11.200047479739874
11.200030816095518
11.200028276559429
11.200014758860133
11.199987724448972
11.200052180465212
11.200068033962577
11.200001241328611
11.200001987238988
11.400060642495470
11.400034172510084
11.399980983284104
11.399993684170459
11.400017198046765
11.399983614738561
11.399920730828239
11.399962135962497
11.399938273418032
11.400018113656611
11.400024498886546
11.399999780805082
11.400010001390941
11.400033741861995
11.400006581514438
11.399969474376888
11.400012639308757
11.400025086297907
11.399954486741366
11.399979949465703
11.400013745213824
11.400011603841262
11.399988733591602
11.399982313720747
11.399953713420445
11.400036490720778
11.400060871155535
11.400000314038166
11.399998087098190
11.400017882502759
11.400002547739019
11.399984281462592
11.400011835995794
11.400034468246842
11.399983953668508
11.400002758621882
11.400043513949754
11.400029820286203
11.400029659605066
11.400015938473491
11.399988998591519
11.400054555660837
11.400071293487775
11.400002790683907
11.400005371159111
11.600063376486236
11.600035394713410
11.599979655108728
11.599992788115177
11.600015410196146
11.599981855321843
11.599919480898617
11.599960699446079
11.599935720324828
11.600019163695869
11.600025386420249
11.599999596596190
11.600010629946434
11.600034266576083
11.600006914894806
11.599970319362210
11.600014342452731
11.600027155408439
11.599952596075610
11.599978874525384
11.600010725243461
11.600009971797929
11.599988570741765
11.599982207655399
11.599953033917663
11.600037890715626
11.600064881657298
11.600000300482810
11.599998981815066
11.600017997076991
11.600002470954900
11.599984596995439
11.600012471488142
11.600034598113391
11.599983685787969
11.600003173445865
11.600039425688585
11.600028740553222
11.600030974839118
11.600017081569460
11.599990301968294
11.600056866920623
11.600074456201199
11.600004337966883
11.600008784692776
11.800066099591794
11.800036603171890
11.799978414862933
11.799991948192730
11.800013596537960
11.799980122345893
11.799918378428073
11.799959298653233
11.799933232740468
11.800020209563332
11.800026239501575
11.799999448665933
11.800011284563919
11.800034743715456
11.800007238758376
11.799971247921551
11.800016049672404
11.800029197161312
11.799950846493136
11.799977875220259
11.800007680030939
11.800008328193094
11.799988435423822
11.799982125333694
11.799952426000248
11.800039212123666
11.800068723784344
11.800000338706742
11.799999933849511
11.800018073746694
11.800002388259630
11.799984958043135
11.800013120811879
11.800034719633681
11.799983442407321
11.800003556909385
11.800035238726128
11.800027582921750
11.800032211925329
11.800018178761384
11.799991622266502
11.800059097345720
11.800077503155753
11.800005868024913
11.800012199007860
12.000068796483099
12.000037791141336
11.999977273730003
11.999991171462408
12.000011767391198
11.999978427860437
11.999917434483994
11.999957944691358
11.999930831554817
12.000021245535175
12.000027051787239
11.999999340307633
12.000011962973788
12.000035170500460
12.000007552478957
11.999972258757834
12.000017752894463
12.000031204261417
11.999949254584820
11.999976961676007
12.000004630156027
12.000006686271433
11.999988331321028
11.999982071868288
11.999951898782856
12.000040449510520
12.000072380123749
12.000000432381146
12.000000940260254
12.000018114005114
12.000002302275584
11.999985361751802
12.000013779788983
12.000034831614359
11.999983223886257
12.000003903339884
12.000030978125386
12.000026354035562
12.000033361058801
12.000019221025632
11.999992947272938
12.000061230265647
12.000080415788737
12.000007365543089
12.000015584627782
12.200071450917360
12.200038951460634
12.199976242550864
12.199990464642992
12.200009933257824
12.199976783994163
12.199916659850176
12.199956649007573
12.199928538343665
12.200022265589459
12.200027816832058
12.199999274610166
12.200012662501331
12.200035544141796
12.200007855388744
12.199973350191158
12.200019443728667
12.200033169415722
12.199947836571871
12.199976143843816
12.200001596871894
12.200005059631351
12.199988262329887
12.199982052718134
12.199951461742321
12.200041597982624
12.200075834243894
12.200000584884670
12.200001997515015
12.200018119508291
12.200002215597204
12.199985805031899
12.200014444024568
12.200034932810272
12.199983030451222
12.200004207177038
12.200026670110711
12.200025061125944
12.200034413033601
12.200020199777564
12.199994264982736
12.200063249357289
12.200083176040305
12.200008815177894
12.200018911647966
12.400074045799938
12.400040076572584
12.399975331737030
12.399989834050578
12.400008104754230
12.399975202872271
12.399916064943985
12.399955423314449
12.399926375237158
12.400023263426631
12.400028528124082
12.399999254413526
12.400013380054368
12.400035861841898
12.400008146767698
12.399974520137759
12.400021113493720
12.400035085346129
12.399946608181807
12.399975431413214
12.399998601970477
12.400003462126795
12.399988232520093
12.399982073638910
12.399951124652548
12.400042653209002
12.400079070772334
12.400000799245978
12.400003101475406
12.400018092051170
12.400002130762189
12.399986284578928
12.400015108930443
12.400035021931458
12.399982862202403
12.400004463041629
12.400022341923234
12.400023711975528
12.400035359304630
12.400021106943109
12.399995563704145
12.400065138760461
12.400085766467113
12.400010201694151
12.400022149960114
12.600076563256792
12.600041158550029
12.599974551182349
12.599989285537390
12.600006292541476
12.599973696532082
12.599915659730279
12.599954279509491
12.599924364774926
12.600024232493787
12.600029179122476
12.599999282263363
12.600014112113207
12.600036120797490
12.600008425833083
12.599975766087985
12.600022753245311
12.600036944800022
12.599945584520203
12.599974833721546
12.599995667637785
12.600001907762628
12.599988246088001
12.599982140625205
12.599950897508663
12.600043611436536
12.600082075464858
12.600001078084762
12.600004247384890
12.600018033542106
12.600002050222793
12.599986796894644
12.600015769749238
12.600035097648050
12.599982719122520
12.600004665806502
12.600018021663494
12.600022314877011
12.600036192043596
12.600021935025593
12.599996832158659
12.600066883189703
12.600088170350425
12.600011510104720
12.600025269483643
12.800078984717825
12.800042189127433
12.799973910173586
12.799988824431722
12.800004507254698
12.799972276836892
12.799915453632128
12.799953229588386
12.799922529747626
12.800025166012761
12.800029763298499
12.799999360364463
12.800014854723361
12.800036318203622
12.800008691729387
12.799977085083485
12.800024353806510
12.800038740558261
12.799944779938265
12.799974359659771
12.799992816299230
12.800000410583595
12.799988307303613
12.799982259844244
12.799950790440068
12.800044469498495
12.800084835265586
12.800001423551324
12.800005429860361
12.800017945975855
12.800001976317297
12.799987338308856
12.800016421579013
12.800035158592843
12.799982601087265
12.800004810668904
12.800013738120992
12.800020878586819
12.800036904189275
12.800022677167487
12.799998059576184
12.800068468041726
12.800090371798280
12.800012725812545
12.800028240404263
13.000081291011352
13.000043159738315
12.999973417299740
12.999988455479338
13.000002759431942
12.999970955388202
12.999915455438316
12.999952285552071
12.999920893024218
13.000026057012347
13.000030274179641
12.999999490533645
13.000015603491391
13.000036451259401
13.000008943518855
12.999978473693748
13.000025905800653
13.000040465440760
12.999944207895929
12.999974017574939
12.999990070454908
12.999998984556850
12.999988420451146
12.999982437561021
12.999950813611850
13.000045224816066
13.000087338357488
13.000001837265112
13.000006642887600
13.000017831405172
13.000001911241791
12.999987905001648
13.000017059398223
13.000035203361296
12.999982507877469
13.000004893223972
13.000009520590700
13.000019412273581
13.000037489491984
13.000023327206833
12.999999235784736
13.000069879498316
13.000092355841160
13.000013834754556
13.000031033419273
13.200083462469955
13.200044061558692
13.199973080360047
13.199988182786431
13.200001059442725
13.199969743436558
13.199915673207661
13.199951459307599
13.199919477364718
13.200026898364747
13.200030705397191
13.199999674152213
13.200016353584141
13.200036517176018
13.200009180172852
13.199979927992114
13.200027399686959
13.200042112309534
13.199943880820188
13.199973815169338
13.199987452504647
13.199997643448082
13.199988589763146
13.199982680054669
13.199950977114074
13.200045875392695
13.200089574203197
13.200002320252487
13.200007879821001
13.200017691911240
13.200001857022365
13.199988493026163
13.200017678090969
13.200035230508785
13.199982439192834
13.200004909538881
13.200005398676041
13.200017925461502
13.200037942552537
13.200023879728153
13.200000351294360
13.200071104624273
13.200094108520714
13.200014823547161
13.200033619989483
13.400085479048149
13.400044885556810
13.399972906270539
13.399988009764323
13.399999417416566
13.399968651790997
13.399916114170226
13.399950762562794
13.399918305217627
13.400027682826394
13.400031050737395
13.399999912118282
13.400017099731890
13.400036513187136
13.400009400564308
13.399981443531521
13.400028825799172
13.400043674069176
13.399943809958364
13.399973759396294
13.399984984562915
13.399996400691100
13.399988819348195
13.399982993525878
13.399951290838560
13.400046419800995
13.400091533575843
13.400002872883837
13.400009133388091
13.400017529572992
13.400001815487753
13.399989098331860
13.400018272472533
13.400035238544865
13.399982394667333
13.400004856227168
13.400001402078251
13.400016427968536
13.400038258855767
13.400024330107543
13.400001397375002
13.400072131460298
13.400095616971107
13.400015679632878
13.400035972597783
13.600087320451953
13.600045622549450
13.599972900968913
13.599987939076055
13.599997843171703
13.599967690727244
13.599916784625261
13.599950206714672
13.599917398501590
13.600028403083432
13.600031304196465
13.600000204799231
13.600017836235784
13.600036436562347
13.600009603461553
13.599983015320205
13.600030174387424
13.600045143664991
13.599944005225861
13.599973856352811
13.599982688263191
13.599995269250853
13.599989113112258
13.599983383995179
13.599951764342467
13.600046857162102
13.600093208579478
13.600003494810608
13.600010395699115
13.600017346435626
13.600001788242675
13.599989716788347
13.600018837315192
13.600035225924371
13.599982373886146
13.600004730522857
13.599997560371589
13.600014929839407
13.600038434798909
13.600024674551831
13.600002366128043
13.600072949110444
13.600096869492766
13.600016391427856
13.600038065014330
13.800088966280805
13.800046263265019
13.799973069317534
13.799987972584926
13.799996346144171
13.799966869894648
13.799917689835940
13.799949802731527
13.799916778370580
13.800029051801832
13.800031460039747
13.800000551984628
13.800018556979992
13.800036284623980
13.800009787523807
13.799984637797534
13.800031435663850
13.800046514078602
13.799944475047983
13.799974111168915
13.799980584551729
13.799994261479771
13.799989474673652
13.799983857191934
13.799952406698338
13.800047187117183
13.800094592659077
13.800004184902251
13.800011658262418
13.800017144478419
13.800001776641881
13.799990344209849
13.800019367374301
13.800035191035233
13.799982376404195
13.800004530353940
13.799993902764136
13.800013441273400
13.800038467715090
13.800024910131704
13.800003250551351
13.800073547824233
13.800097855618045
13.800016948469981
13.800039872568481
14.000090396181985
14.000046798413727
13.999973415004225
13.999988111305083
13.999994935317444
13.999966198221843
13.999918833920740
13.999949561028730
13.999916464961698
14.000029621682593
14.000031512865165
14.000000952839926
14.000019255449123
14.000036054767730
14.000009951298718
13.999986304810381
14.000032599852089
14.000047778321520
13.999945226195136
13.999974527893844
13.999978693470359
13.999993388967232
13.999989907271653
13.999984418433794
13.999953226329884
14.000047409791152
14.000095680599699
14.000004941183624
14.000012912005888
14.000016925582088
14.000001781765036
13.999990976380408
14.000019857414756
14.000035132182823
13.999982401766253
14.000004254414698
13.999990457843561
14.000011972546902
14.000038355892261
14.000025034808605
14.000004044597659
14.000073919073147
14.000098566168708
14.000017341567364
14.000041372427786
14.200091590017960
14.200047218765020
14.199973940440421
14.199988355354133
14.199993619152735
14.199965683821160
14.199920219741392
14.199949491337986
14.199916477125004
14.200030105521799
14.200031457671470
14.200001405861306
14.200019924751359
14.200035744487625
14.200010093222193
14.199988009590223
14.200033657241342
14.200048929426442
14.199946263611039
14.199975109378899
14.199977033928008
14.199992662381947
14.199990413668845
14.199985072496421
14.199954230833020
14.200047525748150
14.200096468514772
14.200005760772928
14.200014147305286
14.200016691495881
14.200001804392764
14.199991609079927
14.200020302237858
14.200035047570758
14.199982449528626
14.200003902236562
14.199987253307466
14.200010533930623
14.200038098587946
14.200025047455261
14.200004743226220
14.200074055621636
14.200098993304817
14.200017562946929
14.200042543884221
14.400092528046882
14.400047515232576
14.399974646656444
14.399988703907841
14.399992405520040
14.399965333891549
14.399921848787244
14.399949602570025
14.399916832134338
14.400030496276043
14.400031289931400
14.400001908831888
14.400020557647851
14.400035351405942
14.400010211620991
14.399989744731453
14.400034598245334
14.400049960436798
14.399947590232998
14.399975857156955
14.399975623460593
14.399992091307114
14.399990996046965
14.399985823473349
14.399955426781414
14.400047535938864
14.400096953823120
14.400006639820731
14.400015354019802
14.400016443804725
14.400001844983713
14.399992238111301
14.400020696708678
14.400034935278029
14.399982519282485
14.400003474256946
14.399984315677461
14.400009135601534
14.400037696040121
14.400024947869863
14.400005342447548
14.400073951592546
14.400099130564964
14.400017606402987
14.400043368648184
14.600093191116530
14.600047678967048
14.599975533193197
14.599989155156807
14.599991301630027
14.599965154620078
14.599923721055832
14.599949902670561
14.599917545378187
14.600030787133246
14.600031005670251
14.600002458779871
14.600021146589018
14.600034873308447
14.600010304718467
14.599991502171081
14.600035413466795
14.600050864394625
14.599949206803549
14.599976771318675
14.599974477978748
14.599991684067980
14.599991655896494
14.599986674625510
14.599956819516025
14.600047441639468
14.600097135214698
14.600007573450229
14.600016521535721
14.600016183896512
14.600001903653087
14.599992859328660
14.600021035784241
14.600034793232389
14.599982610678802
14.600002971885676
14.599981669996431
14.600007787549304
14.600037149474772
14.600024736783732
14.600005839361282
14.600073602527033
14.600098972897504
14.600017467445674
14.600043831150746
14.800093560872053
14.800047701456913
14.799976597989835
14.799989706265082
14.799990313966813
14.799965151081553
14.799925834929528
14.799950398469289
14.799918630029499
14.800030971588960
14.800030601550109
14.800003051938834
14.800021683758338
14.800034308185610
14.800010370643891
14.799993273170426
14.800036093767982
14.800051634327085
14.799951111672689
14.799977850385149
14.799973611502928
14.799991447551397
14.799992393899780
14.799987628220315
14.799958412917718
14.800047244381934
14.800097012604740
14.800008555699083
14.800017638818748
14.800015912929929
14.800001980152736
14.799993468667102
14.800021314542478
14.800034619179911
14.799982723455125
14.800002397568548
14.799979339508187
14.800006499477240
14.800036461110475
14.800024415862332
14.800006232187107
14.800073005439073
14.800098516682835
14.800017143448951
14.800043918854692
15.000093619977831
15.000047574637543
14.999977837266778
14.999990353330610
14.999989448221543
14.999965327136350
14.999928187047926
14.999951095521757
14.999920096693369
15.000031043528478
15.000030074960245
15.000003683710672
15.000022161124239
15.000033654280568
15.000010407445751
14.999995048299139
15.000036630347934
15.000052263231998
14.999953300589603
14.999979091176819
14.999973035885287
14.999991387017213
14.999993209807664
14.999988685359954
14.999960209162282
15.000046945875781
15.000096587076076
15.000009579463281
15.000018694475825
15.000015631802988
15.000002073852931
14.999994062173940
15.000021528212383
15.000034410650768
14.999982857464058
15.000001754847544
14.999977345318459
15.000005280697579
15.000035634160536
15.000023987699743
15.000006520288819
15.000072158864612
15.000097759746318
15.000016633798291
15.000043622575170
15.200093352353772
15.200047291008833
15.199979245403325
15.199991091347281
15.199988709226803
15.199965685325930
15.199930772175694
15.199951997943822
15.199921953031195
15.200030997314787
15.200029424113994
15.200004348631625
15.200022570500895
15.200032910144177
15.200010413109620
15.199996817422003
15.200037014827204
15.200052744062617
15.199955766482917
15.199980488678731
15.199972760517564
15.199991505900869
15.199994102309505
15.199989845798543
15.199962208457086
15.200046547920689
15.200095860809620
15.200010636443285
15.200019676827198
15.200015341122665
15.200002183726209
15.199994636042002
15.200021672205450
15.200034164921076
15.199983012703788
15.200001048417281
15.199975706036483
15.200004140020988
15.200034672833144
15.200023455806289
15.200006704191296
15.200071062905698
15.200096701361918
15.200015940037758
15.200042936810672
15.400092743426457
15.400046843761610
15.399980814809149
15.399991914168446
15.399988100891802
15.399966226765775
15.399933583065625
15.399953108238360
15.399924203360124
15.400030827882606
15.400028648152713
15.400005040341746
15.400022903618632
15.400032074698084
15.400010385581114
15.399998569689082
15.400037239340785
15.400053069712206
15.399958499228333
15.399982035901619
15.399972792024432
15.399991805606700
15.399995068896532
15.399991107747709
15.399964408758247
15.400046052310270
15.400094837002552
15.400011717092760
15.400020573989748
15.400015041175685
15.400002308333541
15.399995186644949
15.400021742148875
15.400033878970964
15.399983189350639
15.400000284177178
15.399974437395960
15.400003085639977
15.400033582330273
15.400022824589270
15.400006785590760
15.400069719269458
15.400095342246324
15.400015066016580
15.400041860085356
15.600091780395363
15.600046226913125
15.599982535788712
15.599992814471641
15.599987626138129
15.599966951035496
15.599936610316345
15.599954427114019
15.599926848226074
15.600030530838746
15.600027747257084
15.600005751558470
15.600023152204722
15.600031147306437
15.600010322794390
15.600000293529803
15.600037296640025
15.600053232998826
15.599961485402311
15.599983723738829
15.599973133941228
15.599992285291528
15.599996105718272
15.599992467670361
15.599966805467520
15.600045460726458
15.600093519774047
15.600012810570488
15.600021373972266
15.600014731901092
15.600002445812867
15.599995710575280
15.600021733920645
15.600033549438754
15.599983387793921
15.599999469278881
15.599973551854147
15.600002125006309
15.600032368845518
15.600022099326955
15.600006767358009
15.600068131302439
15.600093684543408
15.600014018034990
15.600040395303614
15.800090452514707
15.800045435451869
15.799984396397782
15.799993783724206
15.799987286836044
15.799967856065452
15.799939842224424
15.799955953295479
15.799929883948995
15.800030102568813
15.800026722766521
15.800006474054603
15.800023308075522
15.800030127856960
15.800010222706961
15.800001976651357
15.800037180204626
15.800053226650711
15.799964708020589
15.799985540818652
15.799973786375407
15.799992941637688
15.799997207432018
15.799993920061910
15.799969391107867
15.800044774624375
15.800091914058429
15.800013904695552
15.800022064783983
15.800014412864577
15.800002593870698
15.799996204685060
15.800021643687142
15.800033172571350
15.799983608673223
15.799998612168435
15.799973058168051
15.800001264701747
15.800031039561912
15.800021286135259
15.800006653534913
15.800066304020289
15.800091731799068
15.800012804989462
15.800038550118190
16.000088751391186
16.000044465491978
15.999986382290887
15.999994812149501
15.999987083741019
15.999968938019640
15.999943264630232
15.999957683324970
15.999933302138324
16.000029540350663
16.000025577307046
16.000007198641420
16.000023363240711
16.000029016852242
16.000010083341273
16.000003606042398
16.000036884365443
16.000053043292958
15.999968146259832
15.999987473351922
15.999974745650491
15.999993768615097
15.999998367044947
15.999995457218807
15.999972154976374
16.000043995107493
16.000090025485289
16.000014985906468
16.000022634557268
16.000014083235065
16.000002749776755
15.999996666129869
16.000021467943448
16.000032744170817
15.999983852918561
15.999997722622545
15.999972960945994
16.000000510302211
16.000029602649999
16.000020391927382
16.000006449324108
16.000064244133171
16.000089488926218
16.000011438517053
16.000036337313020
16.200086671298038
16.200043314437622
16.199988476558634
16.199995888693287
16.199987016430292
16.199970191174035
16.199946860757166
16.199959611354394
16.199937089177141
16.200028842474698
16.200024314928278
16.200007915157411
16.200023310020864
16.200027815512037
16.200009902833976
16.200005167982290
16.200036404439416
16.200052675435874
16.199971775161107
16.199989504974315
16.199976003931614
16.199994757231220
16.199999575748759
16.199997068993497
16.199975082773580
16.200043122792692
16.200087860246406
16.200016039224515
16.200023071685724
16.200013741763911
16.200002910362301
16.199997092416442
16.200021203556915
16.200032259537405
16.199984121793346
16.199996811778639
16.199973260173294
16.199999866234755
16.200028067266938
16.200019424366033
16.200006161071922
16.200061960067156
16.200086962159695
16.200009933139192
16.200033775202137
16.400084209505941
16.400041981157543
16.399990659553726
16.399997000989856
16.399987083239285
16.399971607790050
16.399950611043458
16.399961728927693
16.399941225672649
16.400028008371287
16.400022941250143
16.400008612463228
16.400023141179162
16.400026525887416
16.400009679493365
16.400006648056994
16.400035736877548
16.400052115465890
16.399975565313078
16.399991616583240
16.399977548831309
16.399995895268436
16.400000822746506
16.399998742535459
16.399978156207627
16.400042157665116
16.400085424949065
16.400017048221759
16.400023364978935
16.400013386766837
16.400003072022361
16.399997481454363
16.400020847814531
16.400031713408936
16.399984416940796
16.399995892157929
16.399973950710272
16.399999335627076
16.400026443557323
16.400018391808143
16.400005796244596
16.400059461981797
16.400084159001267
16.400008306404466
16.400030888046274
16.600081366630995
16.600040466170128
16.599992908704088
16.599998135327446
16.599987281197400
16.599973177982193
16.599954492966045
16.599964024752900
16.599945685871038
16.600027038745530
16.600021463620021
16.600009278443697
16.600022850068473
16.600025150987847
16.600009411865909
16.600008031182231
16.600034879427266
16.600051355639515
16.599979482513394
16.599993786168657
16.599979362994315
16.599997167007697
16.600002095071154
16.600000462017565
16.599981352572012
16.600041098922166
16.600082726455533
16.600017994994353
16.600023503835224
16.600013016109266
16.600003230722411
16.599997831612214
16.600020398474619
16.600031099896654
16.599984740434088
16.599994977680865
16.599975021760809
16.599998920149158
16.600024742656402
16.600017303241771
16.600005363397859
16.600056761784224
16.600081088154326
16.600006579030637
16.600027706488763
16.800078147000495
16.800038771839386
16.799995198312025
16.799999276612219
16.799987605963008
16.799974889579389
16.799958480855601
16.799966484463098
16.799950437034322
16.800025935719646
16.800019891281011
16.800009900017230
16.800022430795156
16.800023694921936
16.800009098812691
16.800009301634681
16.800033831310490
16.800050388081154
16.799983487406099
16.799995988637448
16.799981423660068
16.799998552937343
16.800003377395733
16.800002208347099
16.799984644295304
16.800039944806624
16.800079771708081
16.800018860141321
16.800023478434007
16.800012627195013
16.800003382010051
16.799998141778786
16.800019853823400
16.800030412417843
16.799985094830536
16.799994083674466
16.799976456309668
16.799998619846328
16.800022976696415
16.800016168214992
16.800004872139887
16.800053873140126
16.800077759448264
16.800004775045739
16.800024268012450
17.000074559036754
17.000036902582092
16.999997499337439
17.000000408330447
16.999988051757072
16.999976727978954
16.999962545702129
16.999969090365756
16.999955438776677
17.000024702983236
17.000018235551906
17.000010463153853
17.000021878400599
17.000022163053046
17.000008739596677
17.000010443092240
17.000032593418684
17.000049204785594
16.999987535092810
16.999998195630873
16.999983702201256
17.000000029446227
17.000004651834399
17.000003958860592
16.999987998461165
17.000038692428195
17.000076567539487
17.000019622749718
17.000023279949062
17.000012216959078
17.000003521032031
16.999998411429846
17.000019212737158
17.000029643625243
16.999985483230436
16.999993226870679
16.999978230526288
16.999998432963476
17.000021158816796
17.000014996756594
17.000004333087539
17.000050811481817
17.000074183752357
17.000002921928218
17.000020617419707
17.200070615659563
17.200034865086597
17.199999779163655
17.200001512507946
17.199988611295048
17.199978675992472
17.199966654949954
17.199971821179719
17.199960642357521
17.200023345951845
17.200016510019967
17.200010952902332
17.200021189062159
17.200020562170803
17.200008333981643
17.200011438684246
17.200031168526618
17.200047797625995
17.199991574715455
17.200000375334550
17.199986163636783
17.200001568499733
17.200005897733959
17.200005687001838
17.199991376296950
17.200037337573161
17.200073120468190
17.200020260386413
17.200022900784667
17.200011781864660
17.200003642557380
17.199998640700983
17.200018474750660
17.200028785333370
17.199985909341088
17.199992425395035
17.199980313133057
17.199998355759440
17.200019303179111
17.200013799287984
17.200003757816081
17.200047594013835
17.200070372878944
17.200001050745943
17.200016807337636
17.400066334707827
17.400032668543545
17.400002001343875
17.400002569666182
17.399989275716546
17.399980713682535
17.399970772281431
17.399974651758892
17.399965989928532
17.400021871934026
17.400014730747081
17.400011353427381
17.400020360314848
17.400018900679612
17.400007882343900
17.400012271052571
17.400029561526310
17.400046158368255
17.399995549008011
17.400002492280198
17.399988766117588
17.400003137297325
17.400007091455471
17.400007361981924
17.399994732628993
17.400035874501576
17.400069436477921
17.400020749097326
17.400022334836287
17.400011317904816
17.400003741007218
17.399998830467158
17.400017640132596
17.400027828442123
17.399986377546448
17.399991698744799
17.399982664735511
17.399998382311139
17.400017424987556
17.400012586526188
17.400003158802164
17.400044239716351
17.400066339475746
17.399999196294157
17.400012898750550
17.600061739380809
17.600030324889008
17.600004125326389
17.600003558774112
17.599990034512167
17.599982818189257
17.599974857388030
17.599977552801974
17.599971413731406
17.600020290307320
17.600012916490293
17.600011648057908
17.600019391295366
17.600017188805452
17.600007385797873
17.600012922424963
17.600027779682858
17.600044278692852
17.599999393814489
17.600004507138635
17.599991460383176
17.600004697910471
17.600008206145073
17.600008948420633
17.599998015302393
17.600034295731454
17.600065520781008
17.600021063414516
17.600021577777909
17.600010820609278
17.600003810491874
17.599998982429629
17.600016709968859
17.600026762857674
17.599986892983207
17.599991067755873
17.599985237112044
17.599998504306313
17.600015540515741
17.600011369377391
17.600002549360156
17.600040769346773
17.600062096907067
17.599997397232134
17.600008961562384
17.800056858699609
17.800027849060442
17.800006106156182
17.800004457194849
17.799990875446920
17.799984963545533
17.799978865727716
17.799980490547163
17.799976835243164
17.800018612703674
17.800011088937723
17.800011819347326
17.800018283010274
17.800015438822154
17.800006846336601
17.800013374701560
17.800025832914120
17.800042150225067
17.800003037570324
17.800006376503283
17.799994189187018
17.800006206898964
17.800009211493592
17.800010405967861
17.800001164563277
17.800032591809249
17.800061377565058
17.800021176371903
17.800020627377975
17.800010285056526
17.800003844856221
17.799999099210794
17.800015686254529
17.800025577410992
17.799987461624092
17.799990554557148
17.799987972460354
17.799998710824376
17.800013667140988
17.800010158820484
17.800001943571772
17.800037205439818
17.800057659123755
17.799995696218247
17.800005075191667
18.000051727989447
18.000025259265865
18.000007894150929
18.000005240626130
17.999991784479626
17.999987120479648
17.999982748267612
17.999983426450811
17.999982164265354
18.000016853204492
18.000009272960824
18.000011849146908
18.000017038630119
18.000013665298486
18.000006266988532
18.000013609555889
18.000023734096164
18.000039764574815
18.000006400744002
18.000008052663304
17.999996886688599
18.000007614904270
18.000010073484031
18.000011688904078
18.000004112401065
18.000030751066074
18.000057009722038
18.000021059530468
18.000019483846259
18.000009705891905
18.000003837733914
17.999999184457781
18.000014571995631
18.000024259774278
17.999988090368866
17.999990182511738
17.999990802597658
17.999998988103915
18.000011823386775
18.000008965780193
18.000001356208852
18.000033572306513
18.000053040521426
17.999994140043594
18.000001329201694
18.200046389383189
18.200022577266935
18.200009434548523
18.200005883033519
18.199992745677477
18.199989256203896
18.199986451210098
18.199986316849120
18.199987297953282
18.200015028546023
18.200007496883977
18.200011718693542
18.200015663811417
18.200011885367633
18.200005651991830
18.200013608551764
18.200021499396602
18.200037113387307
18.200009395235650
18.200009483365658
18.199999477809744
18.200008866218027
18.200010754126176
18.200012745718848
18.200006781848028
18.200028759358773
18.200052418559427
18.200020683013427
18.200018150214117
18.200009077351837
18.200003782611418
18.199999242955563
18.200013371321258
18.200022796375503
18.199988787144317
18.199989976143563
18.199993648111622
18.199999319296175
18.200010028974603
18.200007800989074
18.200000802649175
18.200029896032554
18.200048255786861
18.199992779763576
18.199997823969184
18.400040892346912
18.400019828676172
18.400010667123713
18.400006356574984
18.399993741125055
18.399991334187924
18.399989915701283
18.399989112601510
18.399992119781302
18.400013158335494
18.400005792772834
18.400011408712910
18.400014167048859
18.400010119020212
18.400005006987673
18.400013353277526
18.400019148638012
18.400034188405758
18.400011923728833
18.400010611565026
18.400001877552878
18.400009898323493
18.400011211177549
18.400013518665634
18.400009086233762
18.400026599795130
18.400047603492396
18.400020015552347
18.400016632750816
18.400008393294701
18.400003672902958
18.399999280750201
18.400012089607728
18.400021172311373
18.399989561013964
18.399989961048320
18.399996417458709
18.399999684202932
18.400008304886242
18.400006674837670
18.400000298785304
18.400026204476138
18.400043319732195
18.399991670827383
18.399994671394616
18.600035294227951
18.600017043269087
18.600011525770910
18.600006631515697
18.599994750826959
18.599993313914982
18.599993077519983
18.599991758714506
18.599996498439829
18.600011265278575
18.600004196742333
18.600010899539690
18.600012560059703
18.600008389422861
18.600004339233973
18.600012825499086
18.600016705694131
18.600030981547476
18.600013878992044
18.600011375160676
18.600003990278505
18.600010641408048
18.600011397849524
18.600013943291955
18.600010928391274
18.600024252442104
18.600042561716528
18.600019024545109
18.600014941418610
18.600007647238797
18.600003502037183
18.599999305283248
18.600010733615452
18.600019371259123
18.599990422298553
18.599990163787414
18.599999006006321
18.600000058997601
18.600006673437576
18.600005597212192
18.599999860926111
18.600022527265985
18.600038247116437
18.599990873204845
18.599991995657753
18.800029660826151
18.800014255311687
18.800011938049980
18.800006676131407
18.799995752603085
18.799995150619569
18.799995866745487
18.799994193944901
18.800000286659184
18.800009375418870
18.800002749285852
18.800010171256112
18.800010858203034
18.800006723263696
18.800003657841238
18.800012007333624
18.800014198920923
18.800027484994981
18.800015143125353
18.800011706719218
18.800005708938965
18.800011017844383
18.800011262497748
18.800013947943260
18.800012199811718
18.800021694016351
18.800037287860000
18.800017676126533
18.800013090369639
18.800006832407789
18.800003263556956
18.799999325538156
18.800009311639872
18.800017375387384
18.799991382708640
18.799990611763391
18.800001295015072
18.800000415928078
18.800005158365124
18.800004577318745
18.799999505690931
18.800018895799742
18.800033052454033
18.799990451510372
18.799989934022204
19.000024066988889
19.000011503904020
19.000011824691651
19.000006456599046
18.999996721975599
18.999996795004481
18.999998207402363
18.999996350380520
19.000003319955539
19.000007518390007
19.000001495626847
19.000009203850439
19.000009080936454
19.000005151126604
19.000002974032210
19.000010881445494
19.000011661625788
19.000023691303543
19.000015586748169
19.000011533182040
19.000006914265764
19.000010941637711
19.000010748295729
19.000013453238722
19.000012779744427
19.000018897555691
19.000031773614424
19.000015935252680
19.000011098488116
19.000005941783897
19.000002951233363
18.999999352199477
19.000007833677980
19.000015165266543
18.999992455490485
18.999991333075325
19.000003150557138
19.000000722999463
19.000003784926822
19.000003623493104
18.999999249896060
19.000015343243106
19.000027749809991
18.999990475123401
18.999988637693047
19.200018597230496
19.200008833340455
19.200011099059161
19.200005936872476
19.199997632046550
19.199998192935386
19.200000017080079
19.199998152997331
19.200005415293401
19.200005727681202
19.200000486094456
19.200007977397160
19.200007252313110
19.200003707896169
19.200002301427240
19.200009431266377
19.200009132577481
19.200019593526900
19.200015068123111
19.200010775556322
19.200007473906936
19.200010317836586
19.200009792890206
19.200012371517740
19.200012534238525
19.200015832070452
19.200026007343411
19.200013765800055
19.200008989980859
19.200004968169534
19.200002559195308
19.199999397826080
19.200006311611407
19.200012719779000
19.199993655586596
19.199992356352489
19.200004422366380
19.200000943635221
19.200002580018019
19.200002742995185
19.199999110433279
19.200011904530342
19.200022352581058
19.199991018304814
19.199988272731979
19.400013346376841
19.400006293487273
19.400009666562067
19.400005078541817
19.399998453365118
19.399999285110773
19.400001206525289
19.399999519191056
19.400006369659078
19.400004040917022
19.399999776524623
19.400006472260628
19.400005401522034
19.400002433195230
19.400001656357269
19.400007641241800
19.400006656560095
19.400015185362939
19.400013432211260
19.400009348588032
19.400007241511325
19.400009041904234
19.400008328037185
19.400010606254810
19.400011315122239
19.400012462173432
19.400019973667757
19.400011130680522
19.400006795020463
19.400003904257474
19.400002082076202
19.399999477039128
19.400004759408034
19.400010016029764
19.399994999812566
19.399993710564289
19.400004942615830
19.400001036314432
19.400001572304539
19.400001941786982
19.399999104140221
19.400008616366232
19.400016873262526
19.399992160308607
19.399989021034557
19.600008420235618
19.600003940178425
19.600007424018202
19.600003840674070
19.599999153782935
19.600000006704931
19.600001679204443
19.600000358281619
19.600005958538958
19.600002500152328
19.599999428688406
19.600004669324232
19.600003563475052
19.600001371857200
19.600001058206654
19.600005497106071
19.600004284974311
19.600010461321201
19.600010509653028
19.600007160415718
19.600006055755991
19.600006999047306
19.600006279217048
19.600008051441204
19.600008958915875
19.600008747686893
19.600013653026267
19.600007991973492
19.600004550444705
19.600002742710195
19.600001515179308
19.599999606726236
19.600003193343333
19.600007029257917
19.599996507051781
19.599995424804579
19.600004524617606
19.600000954183137
19.600000792374189
19.600001224292502
19.599999247662041
19.600005517230240
19.600011323199844
19.599993985488137
19.599991081374743
19.800003936293088
19.800001835630169
19.800004258959312
19.800002179632994
19.799999698296570
19.800000286981625
19.800001330833972
19.800000570988608
19.800003934296019
19.800001152183256
19.799999510749252
19.800002550247189
19.800001779443864
19.800000574435320
19.800000529787901
19.800002986188222
19.800002076489587
19.800005416914342
19.800006115669177
19.800004112203435
19.800003739312960
19.800004063498765
19.800003565227293
19.800004590931277
19.800005285673851
19.800004643225172
19.800007021210980
19.800004311076510
19.800002300516830
19.800001476248710
19.800000854663480
19.799999806262701
19.800001632243369
19.800003732749307
19.799998198469932
19.799997528047907
19.800002961440196
19.800000644637421
19.800000272908349
19.800000593138702
19.799999557304176
19.800002647382957
19.800005712324879
19.799996583395796
19.799994670522157
20.000000024437771
20.000000048875545
20.000000048875577
20.000000048875567
20.000000048875556
20.000000048875560
20.000000048875567
20.000000048875574
20.000000024437778
20.000000048875556
20.000000097751137
20.000000097751172
20.000000097751151
20.000000097751144
20.000000097751137
20.000000097751172
20.000000097751169
20.000000048875588
20.000000048875581
20.000000097751172
20.000000097751187
20.000000097751176
20.000000097751180
20.000000097751183
20.000000097751201
20.000000097751190
20.000000048875599
20.000000048875567
20.000000097751162
20.000000097751169
20.000000097751155
20.000000097751151
20.000000097751165
20.000000097751183
20.000000097751144
20.000000048875560
20.000000024437774
20.000000048875570
20.000000048875567
20.000000048875563
20.000000048875570
20.000000048875581
20.000000048875588
20.000000048875552
20.000000024437760
